              precision    recall  f1-score   support

           0       0.99      0.97      0.98        99
           1       0.98      0.92      0.95       113
           2       0.95      0.94      0.94       100
           3       0.90      0.93      0.92       102
           4       0.97      0.93      0.95        97
           5       0.87      0.89      0.88        90
           6       0.92      0.86      0.89        98
           7       0.92      0.96      0.94       104
           8       0.82      0.91      0.86        98
           9       0.93      0.93      0.93        99

    accuracy                           0.92      1000
   macro avg       0.92      0.92      0.92      1000
weighted avg       0.93      0.92      0.92      1000
