              precision    recall  f1-score   support

           0       0.85      0.77      0.81        99
           1       0.99      0.88      0.93       113
           2       0.65      0.53      0.59       100
           3       0.64      0.90      0.75       102
           4       0.66      0.74      0.70        97
           5       0.54      0.58      0.56        90
           6       0.74      0.79      0.76        98
           7       0.84      0.69      0.76       104
           8       0.52      0.58      0.55        98
           9       0.70      0.58      0.63        99

    accuracy                           0.71      1000
   macro avg       0.71      0.70      0.70      1000
weighted avg       0.72      0.71      0.71      1000
