              precision    recall  f1-score   support

           0       1.00      0.97      0.98        99
           1       0.96      0.94      0.95       113
           2       0.89      0.93      0.91       100
           3       0.97      0.95      0.96       102
           4       0.96      0.93      0.94        97
           5       0.89      0.88      0.88        90
           6       0.95      0.96      0.95        98
           7       0.90      0.91      0.91       104
           8       0.89      0.90      0.89        98
           9       0.90      0.94      0.92        99

    accuracy                           0.93      1000
   macro avg       0.93      0.93      0.93      1000
weighted avg       0.93      0.93      0.93      1000
