              precision    recall  f1-score   support

           0       0.97      0.97      0.97        99
           1       0.97      0.95      0.96       113
           2       0.94      0.94      0.94       100
           3       0.94      0.89      0.91       102
           4       0.95      0.92      0.93        97
           5       0.90      0.88      0.89        90
           6       0.90      0.93      0.91        98
           7       0.91      0.98      0.94       104
           8       0.89      0.91      0.90        98
           9       0.94      0.94      0.94        99

    accuracy                           0.93      1000
   macro avg       0.93      0.93      0.93      1000
weighted avg       0.93      0.93      0.93      1000
